test, 18/11/2020, 0.0013927, 0.03793754, 1.318626, 1.740909, 0.06637432, -0.0196137, -0.9969887, 0.03497626
test, 18/11/2020, 0.0087823, 0.03793754, 1.318626, 1.740909, 0.06637432, -0.0196137, -0.9969887, 0.03497626
test, 18/11/2020, 0.0239651, 0.03793754, 1.318626, 1.740909, 0.06637432, -0.0196137, -0.9969887, 0.03497626
test, 18/11/2020, 0.0377337, 0.03830713, 1.318633, 1.740346, 0.06532926, -0.01993099, -0.9970084, 0.03618101
test, 18/11/2020, 0.0729943, 0.03832192, 1.318633, 1.740323, 0.06532926, -0.01993099, -0.9970084, 0.03618101
test, 18/11/2020, 0.0873679, 0.03832241, 1.318633, 1.740322, 0.06532926, -0.01993099, -0.9970084, 0.03618101
test, 18/11/2020, 0.0983669, 0.0383225, 1.318633, 1.740322, 0.06532926, -0.01993099, -0.9970084, 0.03618101
test, 18/11/2020, 0.1190475, 0.03970939, 1.31942, 1.741102, 0.06502474, -0.02077761, -0.9969688, 0.03732732
test, 18/11/2020, 0.1384241, 0.03976708, 1.319453, 1.741135, 0.06502474, -0.02077761, -0.9969688, 0.03732732
test, 18/11/2020, 0.1592372, 0.03976717, 1.319453, 1.741135, 0.06502474, -0.02077761, -0.9969688, 0.03732732
test, 18/11/2020, 0.1761046, 0.04032623, 1.31955, 1.740925, 0.06557821, -0.02101158, -0.9969054, 0.03791605
test, 18/11/2020, 0.1954428, 0.04046576, 1.319574, 1.740873, 0.06557821, -0.02101158, -0.9969054, 0.03791605
test, 18/11/2020, 0.2216217, 0.04046598, 1.319574, 1.740873, 0.06557821, -0.02101158, -0.9969054, 0.03791605
test, 18/11/2020, 0.2352623, 0.04046599, 1.319574, 1.740873, 0.06557821, -0.02101158, -0.9969054, 0.03791605
test, 18/11/2020, 0.2559585, 0.03936217, 1.318132, 1.738444, 0.05951127, -0.0223259, -0.9970171, 0.04378089
test, 18/11/2020, 0.2758272, 0.03935328, 1.318121, 1.738425, 0.05951127, -0.0223259, -0.9970171, 0.04378089
test, 18/11/2020, 0.294773, 0.03935326, 1.318121, 1.738425, 0.05951127, -0.0223259, -0.9970171, 0.04378089
test, 18/11/2020, 0.3162909, 0.03935326, 1.318121, 1.738425, 0.05951127, -0.0223259, -0.9970171, 0.04378089
test, 18/11/2020, 0.3365802, 0.03949661, 1.31942, 1.738238, 0.06010376, -0.02254151, -0.9969565, 0.04424112
test, 18/11/2020, 0.3563737, 0.03949777, 1.319431, 1.738236, 0.06010376, -0.02254151, -0.9969565, 0.04424112
test, 18/11/2020, 0.3800784, 0.03949777, 1.319431, 1.738236, 0.06010376, -0.02254151, -0.9969565, 0.04424112
test, 18/11/2020, 0.3975518, 0.03949777, 1.319431, 1.738236, 0.06010376, -0.02254151, -0.9969565, 0.04424112
test, 18/11/2020, 0.4148016, 0.03865911, 1.321417, 1.738473, 0.05620861, -0.02089161, -0.9971135, 0.04656982
test, 18/11/2020, 0.4382652, 0.03865235, 1.321433, 1.738475, 0.05620861, -0.02089161, -0.9971135, 0.04656982
test, 18/11/2020, 0.4577744, 0.03865235, 1.321433, 1.738475, 0.05620861, -0.02089161, -0.9971135, 0.04656982
test, 18/11/2020, 0.4760184, 0.03865235, 1.321433, 1.738475, 0.05620861, -0.02089161, -0.9971135, 0.04656982
test, 18/11/2020, 0.495786, 0.0400808, 1.321611, 1.73874, 0.05831957, -0.02305752, -0.9970915, 0.04330844
test, 18/11/2020, 0.5257698, 0.04008307, 1.321611, 1.738741, 0.05831957, -0.02305752, -0.9970915, 0.04330844
test, 18/11/2020, 0.5356959, 0.04008308, 1.321611, 1.738741, 0.05831957, -0.02305752, -0.9970915, 0.04330844
test, 18/11/2020, 0.5569573, 0.04008309, 1.321611, 1.738741, 0.05831957, -0.02305752, -0.9970915, 0.04330844
test, 18/11/2020, 0.5773829, 0.04008309, 1.321611, 1.738741, 0.05831957, -0.02305752, -0.9970915, 0.04330844
test, 18/11/2020, 0.5951671, 0.04008309, 1.321611, 1.738741, 0.05831957, -0.02305752, -0.9970915, 0.04330844
test, 18/11/2020, 0.617012, 0.04008309, 1.321611, 1.738741, 0.05831957, -0.02305752, -0.9970915, 0.04330844
test, 18/11/2020, 0.6371808, 0.03975296, 1.322114, 1.737314, 0.0578223, -0.02320786, -0.9970187, 0.04551651
test, 18/11/2020, 0.6569868, 0.0397503, 1.322118, 1.737302, 0.0578223, -0.02320786, -0.9970187, 0.04551651
test, 18/11/2020, 0.6870129, 0.03975029, 1.322118, 1.737302, 0.0578223, -0.02320786, -0.9970187, 0.04551651
test, 18/11/2020, 0.695948, 0.03975029, 1.322118, 1.737302, 0.0578223, -0.02320786, -0.9970187, 0.04551651
test, 18/11/2020, 0.7168371, 0.03993429, 1.322451, 1.737045, 0.05870217, -0.02349633, -0.9969215, 0.04636389
test, 18/11/2020, 0.7374859, 0.03993458, 1.322451, 1.737044, 0.05870217, -0.02349633, -0.9969215, 0.04636389
test, 18/11/2020, 0.7594037, 0.03993458, 1.322451, 1.737044, 0.05870217, -0.02349633, -0.9969215, 0.04636389
test, 18/11/2020, 0.7767184, 0.0404706, 1.323346, 1.736957, 0.05922509, -0.02248025, -0.9968216, 0.04830945
test, 18/11/2020, 0.7965985, 0.04060439, 1.32357, 1.736935, 0.05922509, -0.02248025, -0.9968216, 0.04830945
test, 18/11/2020, 0.8172576, 0.04060461, 1.32357, 1.736935, 0.05922509, -0.02248025, -0.9968216, 0.04830945
test, 18/11/2020, 0.8441276, 0.04060461, 1.32357, 1.736935, 0.05922509, -0.02248025, -0.9968216, 0.04830945
test, 18/11/2020, 0.8574953, 0.04110058, 1.323184, 1.736111, 0.05909323, -0.02313285, -0.9967629, 0.04936152
test, 18/11/2020, 0.8783654, 0.04110458, 1.323181, 1.736105, 0.05909323, -0.02313285, -0.9967629, 0.04936152
test, 18/11/2020, 0.8979458, 0.04110458, 1.323181, 1.736105, 0.05909323, -0.02313285, -0.9967629, 0.04936152
test, 18/11/2020, 0.9162989, 0.04110458, 1.323181, 1.736105, 0.05909323, -0.02313285, -0.9967629, 0.04936152
test, 18/11/2020, 0.9374552, 0.04034207, 1.322969, 1.735405, 0.05897402, -0.02220349, -0.9967698, 0.04979061
test, 18/11/2020, 0.9573716, 0.04034086, 1.322969, 1.735404, 0.05897402, -0.02220349, -0.9967698, 0.04979061
test, 18/11/2020, 0.9782752, 0.04034085, 1.322969, 1.735404, 0.05897402, -0.02220349, -0.9967698, 0.04979061
test, 18/11/2020, 1.0014097, 0.04034085, 1.322969, 1.735404, 0.05897402, -0.02220349, -0.9967698, 0.04979061
test, 18/11/2020, 1.0157072, 0.03911571, 1.322304, 1.734499, 0.06040439, -0.02032068, -0.9966246, 0.05174795
test, 18/11/2020, 1.0381577, 0.03906474, 1.322277, 1.734461, 0.06040439, -0.02032068, -0.9966246, 0.05174795
test, 18/11/2020, 1.0557837, 0.03906466, 1.322277, 1.734461, 0.06040439, -0.02032068, -0.9966246, 0.05174795
test, 18/11/2020, 1.0786049, 0.039113, 1.322277, 1.734495, 0.06035971, -0.02036326, -0.99663, 0.05167894
test, 18/11/2020, 1.0957206, 0.039115, 1.322277, 1.734497, 0.06035971, -0.02036326, -0.99663, 0.05167894
test, 18/11/2020, 1.1152882, 0.03911502, 1.322277, 1.734497, 0.06035971, -0.02036326, -0.99663, 0.05167894
test, 18/11/2020, 1.152922, 0.03911502, 1.322277, 1.734497, 0.06035971, -0.02036326, -0.99663, 0.05167894
test, 18/11/2020, 1.1635425, 0.03955797, 1.322352, 1.734648, 0.05992663, -0.02080226, -0.9966604, 0.05142194
test, 18/11/2020, 1.1772427, 0.03957569, 1.322355, 1.734654, 0.05992663, -0.02080226, -0.9966604, 0.05142194
test, 18/11/2020, 1.1972511, 0.03957643, 1.322355, 1.734654, 0.05992663, -0.02080226, -0.9966604, 0.05142194
test, 18/11/2020, 1.217365, 0.03957643, 1.322355, 1.734654, 0.05992663, -0.02080226, -0.9966604, 0.05142194
test, 18/11/2020, 1.239161, 0.03979069, 1.322724, 1.735083, 0.0598214, -0.0208036, -0.9966725, 0.05130926
test, 18/11/2020, 1.255286, 0.0397924, 1.322727, 1.735087, 0.0598214, -0.0208036, -0.9966725, 0.05130926
test, 18/11/2020, 1.2754526, 0.03979241, 1.322727, 1.735087, 0.0598214, -0.0208036, -0.9966725, 0.05130926
test, 18/11/2020, 1.3037762, 0.03979241, 1.322727, 1.735087, 0.0598214, -0.0208036, -0.9966725, 0.05130926
test, 18/11/2020, 1.3171921, 0.03982996, 1.32276, 1.734955, 0.05950095, -0.02084865, -0.9966896, 0.05133142
test, 18/11/2020, 1.337673, 0.03983152, 1.322761, 1.734949, 0.05950095, -0.02084865, -0.9966896, 0.05133142
test, 18/11/2020, 1.3720746, 0.03983153, 1.322761, 1.734949, 0.05950095, -0.02084865, -0.9966896, 0.05133142
test, 18/11/2020, 1.3817954, 0.03983153, 1.322761, 1.734949, 0.05950095, -0.02084865, -0.9966896, 0.05133142
test, 18/11/2020, 1.3983148, 0.04075824, 1.322685, 1.735247, 0.06175542, -0.02175063, -0.9968458, 0.0448519
test, 18/11/2020, 1.415502, 0.04076566, 1.322684, 1.73525, 0.06175542, -0.02175063, -0.9968458, 0.0448519
test, 18/11/2020, 1.435723, 0.04076572, 1.322684, 1.73525, 0.06175542, -0.02175063, -0.9968458, 0.0448519
test, 18/11/2020, 1.460573, 0.0406267, 1.322513, 1.734692, 0.06081481, -0.02080168, -0.9969184, 0.04497339
test, 18/11/2020, 1.4783428, 0.04059223, 1.322471, 1.734554, 0.06081481, -0.02080168, -0.9969184, 0.04497339
test, 18/11/2020, 1.4982516, 0.04059195, 1.32247, 1.734553, 0.06081481, -0.02080168, -0.9969184, 0.04497339
test, 18/11/2020, 1.5167106, 0.04059195, 1.32247, 1.734553, 0.06081481, -0.02080168, -0.9969184, 0.04497339
test, 18/11/2020, 1.537963, 0.04310881, 1.321846, 1.732912, 0.06135069, -0.02609889, -0.9965609, 0.0492069
test, 18/11/2020, 1.5577905, 0.04312908, 1.321841, 1.732899, 0.06135069, -0.02609889, -0.9965609, 0.0492069
test, 18/11/2020, 1.576171, 0.04312911, 1.321841, 1.732899, 0.06135069, -0.02609889, -0.9965609, 0.0492069
test, 18/11/2020, 1.6048573, 0.04313049, 1.321841, 1.7329, 0.06135008, -0.02610156, -0.9965609, 0.04920581
test, 18/11/2020, 1.6180106, 0.04313083, 1.321842, 1.7329, 0.06135008, -0.02610156, -0.9965609, 0.04920581
test, 18/11/2020, 1.6384687, 0.04313084, 1.321842, 1.7329, 0.06135008, -0.02610156, -0.9965609, 0.04920581
test, 18/11/2020, 1.6550992, 0.04313084, 1.321842, 1.7329, 0.06135008, -0.02610156, -0.9965609, 0.04920581
test, 18/11/2020, 1.6780894, 0.04313084, 1.321842, 1.7329, 0.06135008, -0.02610156, -0.9965609, 0.04920581
test, 18/11/2020, 1.6952127, 0.04721031, 1.321288, 1.732939, 0.05399982, -0.03634683, -0.9966864, 0.04877684
test, 18/11/2020, 1.7159155, 0.04724316, 1.321284, 1.732939, 0.05399982, -0.03634683, -0.9966864, 0.04877684
test, 18/11/2020, 1.7375497, 0.04724321, 1.321284, 1.732939, 0.05399982, -0.03634683, -0.9966864, 0.04877684
test, 18/11/2020, 1.7614884, 0.04879847, 1.320452, 1.733257, 0.05398019, -0.04065163, -0.9967983, 0.0427403
test, 18/11/2020, 1.7757289, 0.04917173, 1.320252, 1.733333, 0.05398019, -0.04065163, -0.9967983, 0.0427403
test, 18/11/2020, 1.7963847, 0.04918726, 1.320244, 1.733336, 0.05398019, -0.04065163, -0.9967983, 0.0427403
test, 18/11/2020, 1.8177296, 0.04918728, 1.320244, 1.733336, 0.05398019, -0.04065163, -0.9967983, 0.0427403
test, 18/11/2020, 1.834777, 0.04842576, 1.322059, 1.735089, 0.04957571, -0.03810176, -0.9969586, 0.04652175
test, 18/11/2020, 1.8561303, 0.04839409, 1.322135, 1.735162, 0.04957571, -0.03810176, -0.9969586, 0.04652175
test, 18/11/2020, 1.8775397, 0.04839404, 1.322135, 1.735162, 0.04957571, -0.03810176, -0.9969586, 0.04652175
test, 18/11/2020, 1.9060867, 0.04839404, 1.322135, 1.735162, 0.04957571, -0.03810176, -0.9969586, 0.04652175
test, 18/11/2020, 1.9163954, 0.04615689, 1.321602, 1.731391, 0.0363741, -0.03624726, -0.9972851, 0.05277861
test, 18/11/2020, 1.9368526, 0.04606383, 1.32158, 1.731234, 0.0363741, -0.03624726, -0.9972851, 0.05277861
test, 18/11/2020, 1.9575069, 0.04606368, 1.32158, 1.731234, 0.0363741, -0.03624726, -0.9972851, 0.05277861
test, 18/11/2020, 1.9761673, 0.04602131, 1.321695, 1.731115, -0.003398404, -0.03680594, -0.9978329, 0.05443604
test, 18/11/2020, 1.996272, 0.04601074, 1.321723, 1.731086, -0.003398404, -0.03680594, -0.9978329, 0.05443604
test, 18/11/2020, 2.0173889, 0.04601072, 1.321723, 1.731086, -0.003398404, -0.03680594, -0.9978329, 0.05443604
test, 18/11/2020, 2.0363805, 0.04601072, 1.321723, 1.731086, -0.003398404, -0.03680594, -0.9978329, 0.05443604
test, 18/11/2020, 2.0653362, 0.04739322, 1.322133, 1.730562, -0.01483695, -0.04062428, -0.997667, 0.05282195
test, 18/11/2020, 2.0756854, 0.04766972, 1.322214, 1.730457, -0.01483695, -0.04062428, -0.997667, 0.05282195
test, 18/11/2020, 2.0968699, 0.04773873, 1.322235, 1.730431, -0.01483695, -0.04062428, -0.997667, 0.05282195
test, 18/11/2020, 2.1168087, 0.04773885, 1.322235, 1.730431, -0.01483695, -0.04062428, -0.997667, 0.05282195
test, 18/11/2020, 2.1379286, 0.0477396, 1.322234, 1.73043, -0.01483689, -0.04062553, -0.9976668, 0.05282478
test, 18/11/2020, 2.1549238, 0.0477396, 1.322234, 1.73043, -0.01483689, -0.04062553, -0.9976668, 0.05282478
test, 18/11/2020, 2.1755056, 0.0477396, 1.322234, 1.73043, -0.01483689, -0.04062553, -0.9976668, 0.05282478
test, 18/11/2020, 2.196971, 0.0477396, 1.322234, 1.73043, -0.01483689, -0.04062553, -0.9976668, 0.05282478
test, 18/11/2020, 2.226411, 0.04970805, 1.324389, 1.726801, -0.03220055, -0.04809749, -0.9964148, 0.06170347
test, 18/11/2020, 2.2368057, 0.04977366, 1.324461, 1.726681, -0.03220055, -0.04809749, -0.9964148, 0.06170347
test, 18/11/2020, 2.2552468, 0.04978994, 1.324479, 1.72665, -0.03220055, -0.04809749, -0.9964148, 0.06170347
test, 18/11/2020, 2.2783371, 0.04963976, 1.324395, 1.725916, -0.04503118, -0.04905395, -0.9960254, 0.0591545
test, 18/11/2020, 2.2951832, 0.04960249, 1.324374, 1.725734, -0.04503118, -0.04905395, -0.9960254, 0.0591545
test, 18/11/2020, 2.31614, 0.04960218, 1.324374, 1.725732, -0.04503118, -0.04905395, -0.9960254, 0.0591545
test, 18/11/2020, 2.3376554, 0.04960218, 1.324374, 1.725732, -0.04503118, -0.04905395, -0.9960254, 0.0591545
test, 18/11/2020, 2.3573854, 0.04960218, 1.324374, 1.725732, -0.04503118, -0.04905395, -0.9960254, 0.0591545
test, 18/11/2020, 2.384866, 0.04882712, 1.323575, 1.725781, -0.03645611, -0.04916111, -0.9965302, 0.05640662
test, 18/11/2020, 2.3952723, 0.04880129, 1.323549, 1.725783, -0.03645611, -0.04916111, -0.9965302, 0.05640662
test, 18/11/2020, 2.4178774, 0.04879484, 1.323542, 1.725783, -0.03645611, -0.04916111, -0.9965302, 0.05640662
test, 18/11/2020, 2.4356073, 0.04852105, 1.322988, 1.726388, -0.04061052, -0.04657575, -0.9966415, 0.0537326
test, 18/11/2020, 2.4561951, 0.04850966, 1.322964, 1.726413, -0.04061052, -0.04657575, -0.9966415, 0.0537326
test, 18/11/2020, 2.477325, 0.04850964, 1.322964, 1.726413, -0.04061052, -0.04657575, -0.9966415, 0.0537326
test, 18/11/2020, 2.4957306, 0.04850964, 1.322964, 1.726413, -0.04061052, -0.04657575, -0.9966415, 0.0537326
test, 18/11/2020, 2.5176745, 0.04850964, 1.322964, 1.726413, -0.04061052, -0.04657575, -0.9966415, 0.0537326
test, 18/11/2020, 2.5405202, 0.04850964, 1.322964, 1.726413, -0.04061052, -0.04657575, -0.9966415, 0.0537326
test, 18/11/2020, 2.5554084, 0.04850964, 1.322964, 1.726413, -0.04061052, -0.04657575, -0.9966415, 0.0537326
test, 18/11/2020, 2.5754432, 0.04850964, 1.322964, 1.726413, -0.04061052, -0.04657575, -0.9966415, 0.0537326
test, 18/11/2020, 2.5972212, 0.04848092, 1.324389, 1.726277, -0.03538962, -0.04365997, -0.9968014, 0.05681969
test, 18/11/2020, 2.6150964, 0.04848088, 1.324391, 1.726277, -0.03538962, -0.04365997, -0.9968014, 0.05681969
test, 18/11/2020, 2.6361089, 0.04848088, 1.324391, 1.726277, -0.03538962, -0.04365997, -0.9968014, 0.05681969
test, 18/11/2020, 2.6550661, 0.04848088, 1.324391, 1.726277, -0.03538962, -0.04365997, -0.9968014, 0.05681969
test, 18/11/2020, 2.6861142, 0.04816671, 1.324449, 1.726388, -0.03513441, -0.04326335, -0.9968362, 0.05666945
test, 18/11/2020, 2.6957397, 0.04816468, 1.32445, 1.726388, -0.03513441, -0.04326335, -0.9968362, 0.05666945
test, 18/11/2020, 2.7182946, 0.04816417, 1.32445, 1.726388, -0.03513441, -0.04326335, -0.9968362, 0.05666945
test, 18/11/2020, 2.7357003, 0.04815984, 1.32445, 1.726389, -0.0351316, -0.04325789, -0.9968367, 0.05666852
test, 18/11/2020, 2.7564894, 0.04815966, 1.32445, 1.726389, -0.0351316, -0.04325789, -0.9968367, 0.05666852
test, 18/11/2020, 2.7773814, 0.04815966, 1.32445, 1.726389, -0.0351316, -0.04325789, -0.9968367, 0.05666852
test, 18/11/2020, 2.7952683, 0.04815966, 1.32445, 1.726389, -0.0351316, -0.04325789, -0.9968367, 0.05666852
test, 18/11/2020, 2.8172234, 0.04815848, 1.32445, 1.72639, -0.03513087, -0.04325645, -0.9968368, 0.05666788
test, 18/11/2020, 2.8436616, 0.04815847, 1.32445, 1.72639, -0.03513087, -0.04325645, -0.9968368, 0.05666788
test, 18/11/2020, 2.8579288, 0.04815847, 1.32445, 1.72639, -0.03513087, -0.04325645, -0.9968368, 0.05666788
test, 18/11/2020, 2.8763124, 0.04815847, 1.32445, 1.72639, -0.03513087, -0.04325645, -0.9968368, 0.05666788
test, 18/11/2020, 2.8969944, 0.04512813, 1.324033, 1.726164, -0.04778151, -0.03986843, -0.9968023, 0.05012695
test, 18/11/2020, 2.9181502, 0.04512328, 1.324032, 1.726164, -0.04778151, -0.03986843, -0.9968023, 0.05012695
test, 18/11/2020, 2.9435231, 0.04512328, 1.324032, 1.726164, -0.04778151, -0.03986843, -0.9968023, 0.05012695
test, 18/11/2020, 2.9577095, 0.04490902, 1.324145, 1.726236, -0.03867196, -0.03712831, -0.9974382, 0.04736133
test, 18/11/2020, 2.975511, 0.04485589, 1.324173, 1.726253, -0.03867196, -0.03712831, -0.9974382, 0.04736133
test, 18/11/2020, 3.0041596, 0.04485548, 1.324174, 1.726254, -0.03867196, -0.03712831, -0.9974382, 0.04736133
test, 18/11/2020, 3.0155287, 0.04485546, 1.324174, 1.726254, -0.03867196, -0.03712831, -0.9974382, 0.04736133
test, 18/11/2020, 3.0377163, 0.0452054, 1.324036, 1.726574, -0.0384749, -0.0376616, -0.9974411, 0.04703994
test, 18/11/2020, 3.0558011, 0.0452082, 1.324035, 1.726576, -0.0384749, -0.0376616, -0.9974411, 0.04703994
test, 18/11/2020, 3.0777156, 0.04520822, 1.324035, 1.726576, -0.0384749, -0.0376616, -0.9974411, 0.04703994
test, 18/11/2020, 3.0989497, 0.04520822, 1.324035, 1.726576, -0.0384749, -0.0376616, -0.9974411, 0.04703994
test, 18/11/2020, 3.1173357, 0.0439977, 1.324038, 1.726858, -0.03844367, -0.03560366, -0.9974436, 0.04858821
test, 18/11/2020, 3.1382156, 0.04398802, 1.324038, 1.726861, -0.03844367, -0.03560366, -0.9974436, 0.04858821
test, 18/11/2020, 3.1628691, 0.04398794, 1.324038, 1.726861, -0.03844367, -0.03560366, -0.9974436, 0.04858821
test, 18/11/2020, 3.178041, 0.04399777, 1.324004, 1.727459, -0.03802305, -0.03556263, -0.9975034, 0.04771382
test, 18/11/2020, 3.1949305, 0.04400021, 1.323995, 1.727608, -0.03802305, -0.03556263, -0.9975034, 0.04771382
test, 18/11/2020, 3.2172055, 0.04400023, 1.323995, 1.727609, -0.03802305, -0.03556263, -0.9975034, 0.04771382
test, 18/11/2020, 3.2349484, 0.04400023, 1.323995, 1.727609, -0.03802305, -0.03556263, -0.9975034, 0.04771382
test, 18/11/2020, 3.2581096, 0.04377402, 1.324437, 1.727286, -0.03491664, -0.03836751, -0.9977208, 0.04314998
test, 18/11/2020, 3.2781054, 0.04376467, 1.324455, 1.727272, -0.03491664, -0.03836751, -0.9977208, 0.04314998
test, 18/11/2020, 3.3349193, 0.04376461, 1.324455, 1.727272, -0.03491664, -0.03836751, -0.9977208, 0.04314998
test, 18/11/2020, 3.3432817, 0.04338998, 1.323069, 1.727023, -0.02417773, -0.03968555, -0.9978031, 0.04721773
test, 18/11/2020, 3.3486907, 0.04338998, 1.323069, 1.727023, -0.02417773, -0.03968555, -0.9978031, 0.04721773
test, 18/11/2020, 3.3587521, 0.04331506, 1.322792, 1.726973, -0.02417773, -0.03968555, -0.9978031, 0.04721773
test, 18/11/2020, 3.3769444, 0.04329647, 1.322724, 1.726961, -0.02417773, -0.03968555, -0.9978031, 0.04721773
test, 18/11/2020, 3.3965329, 0.04329633, 1.322723, 1.726961, -0.02417773, -0.03968555, -0.9978031, 0.04721773
test, 18/11/2020, 3.4153136, 0.04245603, 1.322106, 1.727709, -0.01105037, -0.04035866, -0.9980159, 0.0470477
test, 18/11/2020, 3.4361244, 0.04244926, 1.322101, 1.727715, -0.01105037, -0.04035866, -0.9980159, 0.0470477
test, 18/11/2020, 3.4656438, 0.04244925, 1.322101, 1.727715, -0.01105037, -0.04035866, -0.9980159, 0.0470477
test, 18/11/2020, 3.476693, 0.04244925, 1.322101, 1.727715, -0.01105037, -0.04035866, -0.9980159, 0.0470477
test, 18/11/2020, 3.4975478, 0.04562576, 1.323733, 1.727165, 0.01001357, -0.04213546, -0.9976742, 0.05263533
test, 18/11/2020, 3.5182788, 0.04563064, 1.323736, 1.727164, 0.01001357, -0.04213546, -0.9976742, 0.05263533
test, 18/11/2020, 3.5356644, 0.04563081, 1.323736, 1.727164, 0.01001357, -0.04213546, -0.9976742, 0.05263533
test, 18/11/2020, 3.5576077, 0.04604895, 1.324121, 1.728658, 0.0226551, -0.04058722, -0.9976215, 0.0508993
test, 18/11/2020, 3.5788213, 0.04606568, 1.324137, 1.728718, 0.0226551, -0.04058722, -0.9976215, 0.0508993
test, 18/11/2020, 3.5959816, 0.04606624, 1.324137, 1.72872, 0.0226551, -0.04058722, -0.9976215, 0.0508993
test, 18/11/2020, 3.632038, 0.0479483, 1.323449, 1.727713, 0.03742259, -0.03697019, -0.9970576, 0.05575888
test, 18/11/2020, 3.6422273, 0.0479483, 1.323449, 1.727713, 0.03742259, -0.03697019, -0.9970576, 0.05575888
test, 18/11/2020, 3.6564071, 0.04841503, 1.323278, 1.727464, 0.03742259, -0.03697019, -0.9970576, 0.05575888
test, 18/11/2020, 3.6757628, 0.04841876, 1.323277, 1.727462, 0.03742259, -0.03697019, -0.9970576, 0.05575888
test, 18/11/2020, 3.6970744, 0.0494739, 1.32204, 1.727901, 0.05032098, -0.03744644, -0.9967049, 0.05142826
test, 18/11/2020, 3.7158103, 0.04948235, 1.32203, 1.727904, 0.05032098, -0.03744644, -0.9967049, 0.05142826
test, 18/11/2020, 3.7392644, 0.04948235, 1.32203, 1.727904, 0.05032098, -0.03744644, -0.9967049, 0.05142826
test, 18/11/2020, 3.7642497, 0.04888894, 1.321234, 1.727549, 0.05511096, -0.03450856, -0.9965893, 0.0508112
test, 18/11/2020, 3.801059, 0.04877024, 1.321075, 1.727478, 0.05511096, -0.03450856, -0.9965893, 0.0508112
test, 18/11/2020, 3.8224141, 0.04877024, 1.321075, 1.727478, 0.05511096, -0.03450856, -0.9965893, 0.0508112
test, 18/11/2020, 3.8446862, 0.04877024, 1.321075, 1.727478, 0.05511096, -0.03450856, -0.9965893, 0.0508112
test, 18/11/2020, 3.8644312, 0.04857507, 1.319816, 1.725544, 0.05428455, -0.03672329, -0.996528, 0.05134818
test, 18/11/2020, 3.8894455, 0.04857507, 1.319816, 1.725544, 0.05428455, -0.03672329, -0.996528, 0.05134818
test, 18/11/2020, 3.8966654, 0.04707476, 1.31845, 1.723828, 0.04785383, -0.03655905, -0.9966755, 0.05487669
test, 18/11/2020, 3.9077209, 0.04707476, 1.31845, 1.723828, 0.04785383, -0.03655905, -0.9966755, 0.05487669
test, 18/11/2020, 0.0005786, 0.04671469, 1.318123, 1.723416, 0.04785383, -0.03655905, -0.9966755, 0.05487669
test, 18/11/2020, 0.0253031, 0.04671469, 1.318123, 1.723416, 0.04785383, -0.03655905, -0.9966755, 0.05487669
test, 18/11/2020, 0.0323479, 0.04670268, 1.318112, 1.723403, 0.04785383, -0.03655905, -0.9966755, 0.05487669
test, 18/11/2020, 0.0474258, 0.04587274, 1.317421, 1.723708, 0.05429507, -0.03541643, -0.9964709, 0.05332488
test, 18/11/2020, 0.0654722, 0.04583844, 1.317393, 1.72372, 0.05429507, -0.03541643, -0.9964709, 0.05332488
test, 18/11/2020, 0.086784, 0.04583816, 1.317393, 1.72372, 0.05429507, -0.03541643, -0.9964709, 0.05332488
test, 18/11/2020, 0.1056186, 0.04583816, 1.317393, 1.72372, 0.05429507, -0.03541643, -0.9964709, 0.05332488
test, 18/11/2020, 0.1285337, 0.04583215, 1.317366, 1.721903, 0.04679449, -0.03213932, -0.9969248, 0.05402161
test, 18/11/2020, 0.1460056, 0.04583213, 1.317366, 1.7219, 0.04679449, -0.03213932, -0.9969248, 0.05402161
test, 18/11/2020, 0.1750449, 0.04583213, 1.317366, 1.7219, 0.04679449, -0.03213932, -0.9969248, 0.05402161
test, 18/11/2020, 0.1860746, 0.04583213, 1.317366, 1.7219, 0.04679449, -0.03213932, -0.9969248, 0.05402161
test, 18/11/2020, 0.2080086, 0.04504833, 1.320154, 1.724915, 0.04205424, -0.02617854, -0.9971491, 0.05692101
test, 18/11/2020, 0.2271128, 0.04504709, 1.320159, 1.72492, 0.04205424, -0.02617854, -0.9971491, 0.05692101
test, 18/11/2020, 0.2490849, 0.04504708, 1.320159, 1.72492, 0.04205424, -0.02617854, -0.9971491, 0.05692101
test, 18/11/2020, 0.2684623, 0.04549212, 1.319886, 1.726574, 0.0499061, -0.02281371, -0.9971853, 0.0510917
test, 18/11/2020, 0.2865233, 0.04551052, 1.319875, 1.726642, 0.0499061, -0.02281371, -0.9971853, 0.0510917
test, 18/11/2020, 0.3080864, 0.04551067, 1.319875, 1.726643, 0.0499061, -0.02281371, -0.9971853, 0.0510917
test, 18/11/2020, 0.3331808, 0.04551067, 1.319875, 1.726643, 0.0499061, -0.02281371, -0.9971853, 0.0510917
test, 18/11/2020, 0.3466674, 0.04550904, 1.319875, 1.72664, 0.04990874, -0.0228108, -0.9971851, 0.05109636
test, 18/11/2020, 0.3676956, 0.04550897, 1.319875, 1.72664, 0.04990874, -0.0228108, -0.9971851, 0.05109636
test, 18/11/2020, 0.3890344, 0.04550897, 1.319875, 1.72664, 0.04990874, -0.0228108, -0.9971851, 0.05109636
test, 18/11/2020, 0.4055918, 0.04550897, 1.319875, 1.72664, 0.04990874, -0.0228108, -0.9971851, 0.05109636
test, 18/11/2020, 0.4290924, 0.04269157, 1.322115, 1.726655, 0.05334546, -0.0173228, -0.9970767, 0.05188771
test, 18/11/2020, 0.446952, 0.0426871, 1.322118, 1.726655, 0.05334546, -0.0173228, -0.9970767, 0.05188771
test, 18/11/2020, 0.477469, 0.04268706, 1.322118, 1.726655, 0.05334546, -0.0173228, -0.9970767, 0.05188771
test, 18/11/2020, 0.4888968, 0.04268706, 1.322118, 1.726655, 0.05334546, -0.0173228, -0.9970767, 0.05188771
test, 18/11/2020, 0.5068294, 0.04250262, 1.32216, 1.726669, 0.05329714, -0.01712892, -0.9970897, 0.05175195
test, 18/11/2020, 0.5280418, 0.04250114, 1.32216, 1.726669, 0.05329714, -0.01712892, -0.9970897, 0.05175195
test, 18/11/2020, 0.5458414, 0.04250114, 1.32216, 1.726669, 0.05329714, -0.01712892, -0.9970897, 0.05175195
test, 18/11/2020, 0.5688595, 0.0425104, 1.321831, 1.724936, 0.04562183, -0.018977, -0.9975284, 0.04995598
test, 18/11/2020, 0.587033, 0.04251078, 1.321817, 1.724864, 0.04562183, -0.018977, -0.9975284, 0.04995598
test, 18/11/2020, 0.608947, 0.04251079, 1.321817, 1.724864, 0.04562183, -0.018977, -0.9975284, 0.04995598
test, 18/11/2020, 0.6346274, 0.04251079, 1.321817, 1.724864, 0.04562183, -0.018977, -0.9975284, 0.04995598
test, 18/11/2020, 0.6487577, 0.0420946, 1.321868, 1.725023, 0.04545711, -0.01858018, -0.997568, 0.04946266
test, 18/11/2020, 0.6671553, 0.04207739, 1.32187, 1.725029, 0.04545711, -0.01858018, -0.997568, 0.04946266
test, 18/11/2020, 0.6881195, 0.04207725, 1.32187, 1.725029, 0.04545711, -0.01858018, -0.997568, 0.04946266
test, 18/11/2020, 0.706202, 0.04207725, 1.32187, 1.725029, 0.04545711, -0.01858018, -0.997568, 0.04946266
test, 18/11/2020, 0.7270472, 0.04207725, 1.32187, 1.725029, 0.04545711, -0.01858018, -0.997568, 0.04946266
test, 18/11/2020, 0.7475147, 0.04207725, 1.32187, 1.725029, 0.04545711, -0.01858018, -0.997568, 0.04946266
test, 18/11/2020, 0.7810345, 0.04207725, 1.32187, 1.725029, 0.04545711, -0.01858018, -0.997568, 0.04946266
test, 18/11/2020, 0.7926513, 0.04207725, 1.32187, 1.725029, 0.04545711, -0.01858018, -0.997568, 0.04946266
test, 18/11/2020, 0.8068903, 0.04107947, 1.321983, 1.72554, 0.04527725, -0.01771112, -0.9976424, 0.04843457
test, 18/11/2020, 0.8254506, 0.04103823, 1.321987, 1.725562, 0.04527725, -0.01771112, -0.9976424, 0.04843457
test, 18/11/2020, 0.8476433, 0.0410379, 1.321987, 1.725562, 0.04527725, -0.01771112, -0.9976424, 0.04843457
test, 18/11/2020, 0.8658518, 0.04111629, 1.322028, 1.725349, 0.04524787, -0.0180461, -0.9976082, 0.04903997
test, 18/11/2020, 0.8875991, 0.04113585, 1.322038, 1.725296, 0.04524787, -0.0180461, -0.9976082, 0.04903997
test, 18/11/2020, 0.9087766, 0.04113588, 1.322038, 1.725296, 0.04524787, -0.0180461, -0.9976082, 0.04903997
test, 18/11/2020, 0.938025, 0.04113503, 1.322039, 1.725296, 0.04524787, -0.01804538, -0.9976082, 0.04904093
test, 18/11/2020, 0.9478854, 0.04113486, 1.322039, 1.725296, 0.04524787, -0.01804538, -0.9976082, 0.04904093
test, 18/11/2020, 0.9653441, 0.04113482, 1.322039, 1.725296, 0.04524787, -0.01804538, -0.9976082, 0.04904093
test, 18/11/2020, 0.9863303, 0.04113482, 1.322039, 1.725296, 0.04524787, -0.01804538, -0.9976082, 0.04904093
test, 18/11/2020, 1.0085894, 0.04113482, 1.322039, 1.725296, 0.04524787, -0.01804538, -0.9976082, 0.04904093
test, 18/11/2020, 1.0266943, 0.04114695, 1.32197, 1.725221, 0.04528942, -0.01806094, -0.9976051, 0.04905845
test, 18/11/2020, 1.0469862, 0.04114745, 1.321967, 1.725218, 0.04528942, -0.01806094, -0.9976051, 0.04905845
test, 18/11/2020, 1.0681406, 0.04114746, 1.321967, 1.725218, 0.04528942, -0.01806094, -0.9976051, 0.04905845
test, 18/11/2020, 1.0963836, 0.04103608, 1.322013, 1.7258, 0.04574227, -0.01784939, -0.9976262, 0.04828012
test, 18/11/2020, 1.1069967, 0.04101381, 1.322022, 1.725916, 0.04574227, -0.01784939, -0.9976262, 0.04828012
test, 18/11/2020, 1.125706, 0.04100829, 1.322024, 1.725945, 0.04574227, -0.01784939, -0.9976262, 0.04828012
test, 18/11/2020, 1.1486975, 0.04100824, 1.322024, 1.725945, 0.04574227, -0.01784939, -0.9976262, 0.04828012
test, 18/11/2020, 1.1653603, 0.04141639, 1.322623, 1.725649, 0.04683701, -0.0186542, -0.9975846, 0.04778388
test, 18/11/2020, 1.1885878, 0.04143337, 1.322648, 1.725637, 0.04683701, -0.0186542, -0.9975846, 0.04778388
test, 18/11/2020, 1.2076334, 0.0414334, 1.322648, 1.725637, 0.04683701, -0.0186542, -0.9975846, 0.04778388
test, 18/11/2020, 1.2255916, 0.0414334, 1.322648, 1.725637, 0.04683701, -0.0186542, -0.9975846, 0.04778388
test, 18/11/2020, 1.2526748, 0.04143342, 1.322648, 1.725638, 0.04683598, -0.0186546, -0.9975847, 0.04778327
test, 18/11/2020, 1.2669053, 0.04143342, 1.322647, 1.725638, 0.04683598, -0.0186546, -0.9975847, 0.04778327
test, 18/11/2020, 1.2860457, 0.04143342, 1.322647, 1.725638, 0.04683598, -0.0186546, -0.9975847, 0.04778327
test, 18/11/2020, 1.30632, 0.04143342, 1.322647, 1.725638, 0.04683598, -0.0186546, -0.9975847, 0.04778327
test, 18/11/2020, 1.3278675, 0.04143342, 1.322647, 1.725638, 0.04683598, -0.0186546, -0.9975847, 0.04778327
test, 18/11/2020, 1.3457668, 0.04143342, 1.322647, 1.725638, 0.04683598, -0.0186546, -0.9975847, 0.04778327
test, 18/11/2020, 1.3653966, 0.04143342, 1.322647, 1.725638, 0.04683598, -0.0186546, -0.9975847, 0.04778327
test, 18/11/2020, 1.3872811, 0.04172434, 1.322334, 1.725535, 0.05270426, -0.01993112, -0.9971781, 0.04960738
test, 18/11/2020, 1.4111074, 0.04173403, 1.322323, 1.725532, 0.05270426, -0.01993112, -0.9971781, 0.04960738
test, 18/11/2020, 1.4256617, 0.04173636, 1.322321, 1.725531, 0.05270426, -0.01993112, -0.9971781, 0.04960738
test, 18/11/2020, 1.4485463, 0.04173646, 1.322321, 1.725531, 0.05270426, -0.01993112, -0.9971781, 0.04960738
test, 18/11/2020, 1.4671094, 0.04191494, 1.322295, 1.726419, 0.05104821, -0.01878332, -0.9973241, 0.04884558
test, 18/11/2020, 1.4879472, 0.04191637, 1.322295, 1.726426, 0.05104821, -0.01878332, -0.9973241, 0.04884558
test, 18/11/2020, 1.5086506, 0.04191637, 1.322295, 1.726426, 0.05104821, -0.01878332, -0.9973241, 0.04884558
test, 18/11/2020, 1.5286442, 0.04191637, 1.322295, 1.726426, 0.05104821, -0.01878332, -0.9973241, 0.04884558
test, 18/11/2020, 1.5783692, 0.04171402, 1.322295, 1.726828, 0.05268826, -0.01825638, -0.9972845, 0.04810704
test, 18/11/2020, 1.5895019, 0.04167356, 1.322295, 1.726908, 0.05268826, -0.01825638, -0.9972845, 0.04810704
test, 18/11/2020, 1.6001046, 0.04166825, 1.322295, 1.726921, 0.05268961, -0.01826119, -0.9972841, 0.04811352
test, 18/11/2020, 1.609884, 0.04166719, 1.322295, 1.726924, 0.05268961, -0.01826119, -0.9972841, 0.04811352
test, 18/11/2020, 1.6278643, 0.04166693, 1.322295, 1.726924, 0.05268961, -0.01826119, -0.9972841, 0.04811352
test, 18/11/2020, 1.6481833, 0.04166692, 1.322295, 1.726924, 0.05268961, -0.01826119, -0.9972841, 0.04811352
test, 18/11/2020, 1.6710343, 0.04182332, 1.321989, 1.726166, 0.04986213, -0.01831631, -0.9974009, 0.04868029
test, 18/11/2020, 1.6894638, 0.0418621, 1.321914, 1.725977, 0.04986213, -0.01831631, -0.9974009, 0.04868029
test, 18/11/2020, 1.7167123, 0.0418624, 1.321913, 1.725976, 0.04986213, -0.01831631, -0.9974009, 0.04868029
test, 18/11/2020, 1.7287605, 0.04186241, 1.321913, 1.725976, 0.04986213, -0.01831631, -0.9974009, 0.04868029
test, 18/11/2020, 1.7461005, 0.04159418, 1.321715, 1.724893, 0.05465052, -0.01773241, -0.9970648, 0.05060324
test, 18/11/2020, 1.7678118, 0.04152723, 1.321665, 1.724623, 0.05465052, -0.01773241, -0.9970648, 0.05060324
test, 18/11/2020, 1.7892125, 0.04152713, 1.321665, 1.724623, 0.05465052, -0.01773241, -0.9970648, 0.05060324
test, 18/11/2020, 1.8077222, 0.04152713, 1.321665, 1.724623, 0.05465052, -0.01773241, -0.9970648, 0.05060324
test, 18/11/2020, 1.8285777, 0.04160564, 1.321895, 1.725566, 0.04883897, -0.01683569, -0.9974537, 0.04916787
test, 18/11/2020, 1.8459218, 0.04160888, 1.321904, 1.725605, 0.04883897, -0.01683569, -0.9974537, 0.04916787
test, 18/11/2020, 1.8745249, 0.04160891, 1.321904, 1.725605, 0.04883897, -0.01683569, -0.9974537, 0.04916787
test, 18/11/2020, 1.8864792, 0.04160891, 1.321904, 1.725605, 0.04883897, -0.01683569, -0.9974537, 0.04916787
test, 18/11/2020, 1.9082826, 0.04184689, 1.322748, 1.725293, 0.04987909, -0.01770884, -0.9972342, 0.05217893
test, 18/11/2020, 1.9274117, 0.04184727, 1.32275, 1.725293, 0.04987909, -0.01770884, -0.9972342, 0.05217893
test, 18/11/2020, 1.9482722, 0.04184727, 1.32275, 1.725293, 0.04987909, -0.01770884, -0.9972342, 0.05217893
test, 18/11/2020, 1.9673408, 0.04184727, 1.32275, 1.725293, 0.04987909, -0.01770884, -0.9972342, 0.05217893
test, 18/11/2020, 1.9863348, 0.04157053, 1.322773, 1.725465, 0.05314654, -0.01758587, -0.9971346, 0.05088049
test, 18/11/2020, 2.0065091, 0.0415683, 1.322773, 1.725467, 0.05314654, -0.01758587, -0.9971346, 0.05088049
test, 18/11/2020, 2.0349513, 0.04156829, 1.322773, 1.725467, 0.05314654, -0.01758587, -0.9971346, 0.05088049
test, 18/11/2020, 2.0483944, 0.04168966, 1.322759, 1.724725, 0.05242132, -0.01791959, -0.9970304, 0.05349039
test, 18/11/2020, 2.0656758, 0.04169468, 1.322758, 1.724694, 0.05242132, -0.01791959, -0.9970304, 0.05349039
test, 18/11/2020, 2.0872832, 0.04169472, 1.322758, 1.724694, 0.05242132, -0.01791959, -0.9970304, 0.05349039
test, 18/11/2020, 2.108634, 0.04169472, 1.322758, 1.724694, 0.05242132, -0.01791959, -0.9970304, 0.05349039
test, 18/11/2020, 2.1279673, 0.04167915, 1.32263, 1.724989, 0.05408134, -0.01821943, -0.9969372, 0.05347581
test, 18/11/2020, 2.1483589, 0.0416785, 1.322625, 1.725001, 0.05408134, -0.01821943, -0.9969372, 0.05347581
test, 18/11/2020, 2.1657527, 0.0416785, 1.322625, 1.725001, 0.05408134, -0.01821943, -0.9969372, 0.05347581
test, 18/11/2020, 2.1942882, 0.0416785, 1.322625, 1.725001, 0.05408134, -0.01821943, -0.9969372, 0.05347581
test, 18/11/2020, 2.2074861, 0.04180505, 1.322406, 1.726029, 0.05457148, -0.01786772, -0.9969491, 0.05287001
test, 18/11/2020, 2.2256513, 0.04181028, 1.322397, 1.726072, 0.05457148, -0.01786772, -0.9969491, 0.05287001
test, 18/11/2020, 2.246179, 0.04181032, 1.322397, 1.726072, 0.05457148, -0.01786772, -0.9969491, 0.05287001
test, 18/11/2020, 2.2664751, 0.04181032, 1.322397, 1.726072, 0.05457148, -0.01786772, -0.9969491, 0.05287001
test, 18/11/2020, 2.2881446, 0.04182407, 1.322398, 1.726065, 0.05458775, -0.01788613, -0.9969475, 0.05287698
test, 18/11/2020, 2.3080778, 0.04182409, 1.322398, 1.726065, 0.05458775, -0.01788613, -0.9969475, 0.05287698
test, 18/11/2020, 2.3260158, 0.04182409, 1.322398, 1.726065, 0.05458775, -0.01788613, -0.9969475, 0.05287698
test, 18/11/2020, 2.3497023, 0.04182409, 1.322398, 1.726065, 0.05458775, -0.01788613, -0.9969475, 0.05287698
test, 18/11/2020, 2.3678769, 0.04200922, 1.322622, 1.725409, 0.05438157, -0.01736547, -0.9969316, 0.05355855
test, 18/11/2020, 2.386698, 0.0420095, 1.322622, 1.725408, 0.05438157, -0.01736547, -0.9969316, 0.05355855
test, 18/11/2020, 2.4058172, 0.04200951, 1.322622, 1.725408, 0.05438157, -0.01736547, -0.9969316, 0.05355855
test, 18/11/2020, 2.4286646, 0.04170688, 1.32249, 1.725769, 0.05424814, -0.01731013, -0.9969955, 0.05251222
test, 18/11/2020, 2.4458496, 0.04169478, 1.322485, 1.725783, 0.05424814, -0.01731013, -0.9969955, 0.05251222
test, 18/11/2020, 2.4673962, 0.04169427, 1.322485, 1.725784, 0.05424814, -0.01731013, -0.9969955, 0.05251222
test, 18/11/2020, 2.4969739, 0.04195351, 1.32262, 1.72564, 0.05304031, -0.01830713, -0.9970416, 0.05253141
test, 18/11/2020, 2.5064965, 0.04200536, 1.322647, 1.725611, 0.05304031, -0.01830713, -0.9970416, 0.05253141
test, 18/11/2020, 2.5277398, 0.04201829, 1.322654, 1.725604, 0.05304031, -0.01830713, -0.9970416, 0.05253141
test, 18/11/2020, 2.5485389, 0.04201832, 1.322654, 1.725604, 0.05304031, -0.01830713, -0.9970416, 0.05253141
test, 18/11/2020, 2.5673196, 0.04201832, 1.322654, 1.725604, 0.05304031, -0.01830713, -0.9970416, 0.05253141
test, 18/11/2020, 2.5892805, 0.0422801, 1.322313, 1.726502, 0.05295577, -0.01867052, -0.9971038, 0.05129489
test, 18/11/2020, 2.6071632, 0.04228052, 1.322313, 1.726504, 0.05295577, -0.01867052, -0.9971038, 0.05129489
test, 18/11/2020, 2.6285359, 0.04228052, 1.322313, 1.726504, 0.05295577, -0.01867052, -0.9971038, 0.05129489
test, 18/11/2020, 2.6536511, 0.04228052, 1.322313, 1.726504, 0.05295577, -0.01867052, -0.9971038, 0.05129489
test, 18/11/2020, 2.6654641, 0.04228114, 1.322313, 1.726502, 0.05295493, -0.01867094, -0.9971037, 0.05129661
test, 18/11/2020, 2.689313, 0.04228116, 1.322313, 1.726502, 0.05295493, -0.01867094, -0.9971037, 0.05129661
test, 18/11/2020, 2.7059709, 0.04228116, 1.322313, 1.726502, 0.05295493, -0.01867094, -0.9971037, 0.05129661
test, 18/11/2020, 2.7256475, 0.04228116, 1.322313, 1.726502, 0.05295493, -0.01867094, -0.9971037, 0.05129661
test, 18/11/2020, 2.7477626, 0.04228116, 1.322313, 1.726502, 0.05295493, -0.01867094, -0.9971037, 0.05129661
test, 18/11/2020, 2.7660592, 0.04228116, 1.322313, 1.726502, 0.05295493, -0.01867094, -0.9971037, 0.05129661
test, 18/11/2020, 2.8002783, 0.04196464, 1.32225, 1.726113, 0.05209705, -0.0184373, -0.9972489, 0.04940352
test, 18/11/2020, 2.8113336, 0.04190133, 1.322237, 1.726036, 0.05209705, -0.0184373, -0.9972489, 0.04940352
test, 18/11/2020, 2.8265499, 0.04188614, 1.322234, 1.726017, 0.05209705, -0.0184373, -0.9972489, 0.04940352
test, 18/11/2020, 2.8455981, 0.04188551, 1.322234, 1.726016, 0.05209705, -0.0184373, -0.9972489, 0.04940352
test, 18/11/2020, 2.8654844, 0.04212922, 1.32236, 1.725374, 0.05244735, -0.01878146, -0.9971115, 0.051626
test, 18/11/2020, 2.8881618, 0.04219005, 1.322391, 1.725213, 0.05244735, -0.01878146, -0.9971115, 0.051626
test, 18/11/2020, 2.9057509, 0.04219015, 1.322391, 1.725213, 0.05244735, -0.01878146, -0.9971115, 0.051626
test, 18/11/2020, 2.9276969, 0.04219015, 1.322391, 1.725213, 0.05244735, -0.01878146, -0.9971115, 0.051626
test, 18/11/2020, 2.9545642, 0.0423959, 1.322861, 1.726318, 0.05249063, -0.0180774, -0.9970445, 0.05310604
test, 18/11/2020, 2.96817, 0.04244693, 1.322978, 1.726593, 0.05249063, -0.0180774, -0.9970445, 0.05310604
test, 18/11/2020, 2.9862298, 0.04244734, 1.322978, 1.726595, 0.05249063, -0.0180774, -0.9970445, 0.05310604
test, 18/11/2020, 3.006641, 0.04244734, 1.322978, 1.726595, 0.05249063, -0.0180774, -0.9970445, 0.05310604
test, 18/11/2020, 3.0282539, 0.04248586, 1.323003, 1.726574, 0.05235152, -0.01816373, -0.9970463, 0.05318014
test, 18/11/2020, 3.0485373, 0.04248592, 1.323003, 1.726574, 0.05235152, -0.01816373, -0.9970463, 0.05318014
test, 18/11/2020, 3.0666537, 0.04248592, 1.323003, 1.726574, 0.05235152, -0.01816373, -0.9970463, 0.05318014
test, 18/11/2020, 3.0890516, 0.04217733, 1.322836, 1.726703, 0.05386393, -0.01758389, -0.9969831, 0.05304854
test, 18/11/2020, 3.1114357, 0.04211562, 1.322802, 1.726729, 0.05386393, -0.01758389, -0.9969831, 0.05304854
test, 18/11/2020, 3.1255342, 0.04210081, 1.322794, 1.726735, 0.05386393, -0.01758389, -0.9969831, 0.05304854
test, 18/11/2020, 3.1476248, 0.04210019, 1.322794, 1.726735, 0.05386393, -0.01758389, -0.9969831, 0.05304854
test, 18/11/2020, 3.1657536, 0.04244158, 1.322562, 1.725074, 0.05347574, -0.0187422, -0.9968477, 0.0555318
test, 18/11/2020, 3.1875256, 0.04245578, 1.322552, 1.725005, 0.05347574, -0.0187422, -0.9968477, 0.0555318
test, 18/11/2020, 3.2052885, 0.04245581, 1.322552, 1.725005, 0.05347574, -0.0187422, -0.9968477, 0.0555318
test, 18/11/2020, 3.2283768, 0.04245581, 1.322552, 1.725005, 0.05347574, -0.0187422, -0.9968477, 0.0555318
test, 18/11/2020, 3.2572575, 0.04257758, 1.322479, 1.726111, 0.05702402, -0.01701327, -0.9969411, 0.05066808
test, 18/11/2020, 3.2675612, 0.04260681, 1.322461, 1.726376, 0.05702402, -0.01701327, -0.9969411, 0.05066808
test, 18/11/2020, 3.2944984, 0.04260802, 1.322461, 1.726387, 0.05702402, -0.01701327, -0.9969411, 0.05066808
test, 18/11/2020, 3.3079926, 0.04260803, 1.322461, 1.726387, 0.05702402, -0.01701327, -0.9969411, 0.05066808
test, 18/11/2020, 3.3256261, 0.04265972, 1.322419, 1.724911, 0.05540187, -0.01731199, -0.9966856, 0.05699928
test, 18/11/2020, 3.3454891, 0.04266014, 1.322419, 1.724899, 0.05540187, -0.01731199, -0.9966856, 0.05699928
test, 18/11/2020, 3.3672749, 0.04266014, 1.322419, 1.724899, 0.05540187, -0.01731199, -0.9966856, 0.05699928
test, 18/11/2020, 3.3888111, 0.04266623, 1.322419, 1.724906, 0.05542788, -0.01732287, -0.996684, 0.05699781
test, 18/11/2020, 3.4149042, 0.04266647, 1.322419, 1.724906, 0.05542788, -0.01732287, -0.996684, 0.05699781
test, 18/11/2020, 3.4284618, 0.04266648, 1.322419, 1.724906, 0.05542788, -0.01732287, -0.996684, 0.05699781
test, 18/11/2020, 3.4460005, 0.04266648, 1.322419, 1.724906, 0.05542788, -0.01732287, -0.996684, 0.05699781
test, 18/11/2020, 3.4678514, 0.04253587, 1.321648, 1.726584, 0.05518679, -0.01738308, -0.9969195, 0.05295162
test, 18/11/2020, 3.4891304, 0.04253481, 1.321642, 1.726598, 0.05518679, -0.01738308, -0.9969195, 0.05295162
test, 18/11/2020, 3.5057285, 0.04253481, 1.321642, 1.726598, 0.05518679, -0.01738308, -0.9969195, 0.05295162
test, 18/11/2020, 3.5253301, 0.04253481, 1.321642, 1.726598, 0.05518679, -0.01738308, -0.9969195, 0.05295162
test, 18/11/2020, 3.5455964, 0.04250127, 1.322158, 1.725997, 0.05512285, -0.01745909, -0.9968968, 0.05341852
test, 18/11/2020, 3.5868513, 0.04250123, 1.322159, 1.725996, 0.05512285, -0.01745909, -0.9968968, 0.05341852
test, 18/11/2020, 3.5944951, 0.04250122, 1.322159, 1.725996, 0.05512285, -0.01745909, -0.9968968, 0.05341852
test, 18/11/2020, 3.6075053, 0.04250121, 1.322159, 1.725996, 0.05512285, -0.01745909, -0.9968968, 0.05341852
test, 18/11/2020, 3.6285683, 0.04244938, 1.322295, 1.726239, 0.05505668, -0.01736228, -0.9969068, 0.05333136
test, 18/11/2020, 3.6483517, 0.0424493, 1.322295, 1.726239, 0.05505668, -0.01736228, -0.9969068, 0.05333136
test, 18/11/2020, 3.6685198, 0.0424493, 1.322295, 1.726239, 0.05505668, -0.01736228, -0.9969068, 0.05333136
test, 18/11/2020, 3.6867162, 0.04201514, 1.323251, 1.727557, 0.05568092, -0.01630287, -0.9969549, 0.05210499
test, 18/11/2020, 3.7091623, 0.04199708, 1.32329, 1.727612, 0.05568092, -0.01630287, -0.9969549, 0.05210499
test, 18/11/2020, 3.7456445, 0.04199706, 1.323291, 1.727612, 0.05568092, -0.01630287, -0.9969549, 0.05210499
test, 18/11/2020, 3.7573856, 0.04199706, 1.323291, 1.727612, 0.05568092, -0.01630287, -0.9969549, 0.05210499
test, 18/11/2020, 3.7682194, 0.04204065, 1.323216, 1.727566, 0.05620639, -0.01626156, -0.9969507, 0.05162965
test, 18/11/2020, 3.7894892, 0.04204246, 1.323213, 1.727564, 0.05620639, -0.01626156, -0.9969507, 0.05162965
test, 18/11/2020, 3.8064442, 0.04204247, 1.323213, 1.727564, 0.05620639, -0.01626156, -0.9969507, 0.05162965
test, 18/11/2020, 3.8291769, 0.04197368, 1.323265, 1.727664, 0.05569977, -0.01643604, -0.9969795, 0.05156738
test, 18/11/2020, 3.8468586, 0.04195662, 1.323278, 1.727688, 0.05569977, -0.01643604, -0.9969795, 0.05156738
test, 18/11/2020, 3.8773901, 0.04195648, 1.323278, 1.727689, 0.05569977, -0.01643604, -0.9969795, 0.05156738
test, 18/11/2020, 3.8888914, 0.04195648, 1.323278, 1.727689, 0.05569977, -0.01643604, -0.9969795, 0.05156738
test, 18/11/2020, 3.9058563, 0.04196158, 1.322483, 1.727322, 0.05635776, -0.01676169, -0.9970096, 0.05014601
test, 18/11/2020, 3.9269396, 0.0419618, 1.32245, 1.727307, 0.05635776, -0.01676169, -0.9970096, 0.05014601
test, 18/11/2020, 3.946579, 0.0419618, 1.32245, 1.727307, 0.05635776, -0.01676169, -0.9970096, 0.05014601
test, 18/11/2020, 3.9664842, 0.0419618, 1.32245, 1.727307, 0.05635776, -0.01676169, -0.9970096, 0.05014601
test, 18/11/2020, 3.9880444, 0.04205087, 1.323055, 1.72825, 0.05670209, -0.01625098, -0.9970358, 0.04940011
test, 18/11/2020, 4.0084234, 0.04205101, 1.323056, 1.728252, 0.05670209, -0.01625098, -0.9970358, 0.04940011
test, 18/11/2020, 4.035958, 0.04205101, 1.323056, 1.728252, 0.05670209, -0.01625098, -0.9970358, 0.04940011
test, 18/11/2020, 4.0455096, 0.04205101, 1.323056, 1.728252, 0.05670209, -0.01625098, -0.9970358, 0.04940011
test, 18/11/2020, 4.0673948, 0.04192644, 1.322981, 1.72828, 0.05678134, -0.01622813, -0.9970323, 0.04938852
test, 18/11/2020, 4.0886599, 0.04192623, 1.322981, 1.72828, 0.05678134, -0.01622813, -0.9970323, 0.04938852
test, 18/11/2020, 4.1056446, 0.04192623, 1.322981, 1.72828, 0.05678134, -0.01622813, -0.9970323, 0.04938852
test, 18/11/2020, 4.1289445, 0.04180292, 1.322734, 1.728742, 0.05690009, -0.01602733, -0.9970521, 0.04891426
test, 18/11/2020, 4.1453335, 0.04179782, 1.322724, 1.728761, 0.05690009, -0.01602733, -0.9970521, 0.04891426
test, 18/11/2020, 4.1673739, 0.04179778, 1.322724, 1.728761, 0.05690009, -0.01602733, -0.9970521, 0.04891426
test, 18/11/2020, 4.1954036, 0.04179778, 1.322724, 1.728761, 0.05690009, -0.01602733, -0.9970521, 0.04891426
test, 18/11/2020, 4.2055197, 0.04203782, 1.322901, 1.728205, 0.05307628, -0.01739581, -0.9973575, 0.04645772
test, 18/11/2020, 4.226709, 0.04209773, 1.322946, 1.728066, 0.05307628, -0.01739581, -0.9973575, 0.04645772
test, 18/11/2020, 4.2473419, 0.04209783, 1.322946, 1.728066, 0.05307628, -0.01739581, -0.9973575, 0.04645772
test, 18/11/2020, 4.2690013, 0.04209783, 1.322946, 1.728066, 0.05307628, -0.01739581, -0.9973575, 0.04645772
test, 18/11/2020, 4.2873483, 0.04201535, 1.322064, 1.726847, 0.05349676, -0.01757483, -0.9973401, 0.04628067
test, 18/11/2020, 4.3073323, 0.04201468, 1.322057, 1.726838, 0.05349676, -0.01757483, -0.9973401, 0.04628067
test, 18/11/2020, 4.3287148, 0.04201468, 1.322057, 1.726838, 0.05349676, -0.01757483, -0.9973401, 0.04628067
test, 18/11/2020, 4.3536997, 0.04201468, 1.322057, 1.726838, 0.05349676, -0.01757483, -0.9973401, 0.04628067
test, 18/11/2020, 4.3678042, 0.04201548, 1.322207, 1.727046, 0.05358042, -0.01748146, -0.9973621, 0.0457439
test, 18/11/2020, 4.3892846, 0.04201549, 1.322208, 1.727048, 0.05358042, -0.01748146, -0.9973621, 0.0457439
test, 18/11/2020, 4.4062959, 0.04201549, 1.322208, 1.727048, 0.05358042, -0.01748146, -0.9973621, 0.0457439
test, 18/11/2020, 4.4291074, 0.04203623, 1.322052, 1.727273, 0.05098993, -0.0170172, -0.9974805, 0.04629482
test, 18/11/2020, 4.4457414, 0.04203708, 1.322045, 1.727283, 0.05098993, -0.0170172, -0.9974805, 0.04629482
test, 18/11/2020, 4.4668675, 0.04203709, 1.322045, 1.727283, 0.05098993, -0.0170172, -0.9974805, 0.04629482
test, 18/11/2020, 4.4997079, 0.04203709, 1.322045, 1.727283, 0.05098993, -0.0170172, -0.9974805, 0.04629482
test, 18/11/2020, 4.509702, 0.04195109, 1.322011, 1.727317, 0.05087075, -0.01684979, -0.9974886, 0.04631153
test, 18/11/2020, 4.5277411, 0.04192977, 1.322003, 1.727325, 0.05087075, -0.01684979, -0.9974886, 0.04631153
test, 18/11/2020, 4.5470856, 0.0419296, 1.322002, 1.727325, 0.05087075, -0.01684979, -0.9974886, 0.04631153
test, 18/11/2020, 4.5657616, 0.0419296, 1.322002, 1.727325, 0.05087075, -0.01684979, -0.9974886, 0.04631153
test, 18/11/2020, 4.5870897, 0.04200742, 1.322719, 1.726541, 0.05202177, -0.01719108, -0.9972998, 0.04890141
test, 18/11/2020, 4.6070974, 0.04200754, 1.32272, 1.72654, 0.05202177, -0.01719108, -0.9972998, 0.04890141
test, 18/11/2020, 4.6289853, 0.04200754, 1.32272, 1.72654, 0.05202177, -0.01719108, -0.9972998, 0.04890141
test, 18/11/2020, 4.6577931, 0.04200754, 1.32272, 1.72654, 0.05202177, -0.01719108, -0.9972998, 0.04890141
test, 18/11/2020, 4.6678479, 0.0422834, 1.321899, 1.728116, 0.05294428, -0.01715657, -0.9974453, 0.04478262
test, 18/11/2020, 4.6891485, 0.04229487, 1.321865, 1.728181, 0.05294428, -0.01715657, -0.9974453, 0.04478262
test, 18/11/2020, 4.7066969, 0.04229489, 1.321865, 1.728181, 0.05294428, -0.01715657, -0.9974453, 0.04478262
test, 18/11/2020, 4.7265111, 0.04197523, 1.321484, 1.727942, 0.05342667, -0.01642929, -0.9973704, 0.04612873
test, 18/11/2020, 4.7463751, 0.04196193, 1.321468, 1.727932, 0.05342667, -0.01642929, -0.9973704, 0.04612873
test, 18/11/2020, 4.7684529, 0.04196191, 1.321468, 1.727932, 0.05342667, -0.01642929, -0.9973704, 0.04612873
test, 18/11/2020, 4.7874667, 0.04196191, 1.321468, 1.727932, 0.05342667, -0.01642929, -0.9973704, 0.04612873
test, 18/11/2020, 4.8171014, 0.04196191, 1.321468, 1.727932, 0.05342667, -0.01642929, -0.9973704, 0.04612873
test, 18/11/2020, 4.8289813, 0.04196191, 1.321468, 1.727932, 0.05342667, -0.01642929, -0.9973704, 0.04612873
test, 18/11/2020, 4.8464075, 0.04196191, 1.321468, 1.727932, 0.05342667, -0.01642929, -0.9973704, 0.04612873
test, 18/11/2020, 4.86914, 0.04196191, 1.321468, 1.727932, 0.05342667, -0.01642929, -0.9973704, 0.04612873
test, 18/11/2020, 4.8878456, 0.04209301, 1.321467, 1.727949, 0.05340188, -0.01661782, -0.997369, 0.04612188
test, 18/11/2020, 4.9079939, 0.04209406, 1.321467, 1.727949, 0.05340188, -0.01661782, -0.997369, 0.04612188
test, 18/11/2020, 4.9279294, 0.04209406, 1.321467, 1.727949, 0.05340188, -0.01661782, -0.997369, 0.04612188
test, 18/11/2020, 4.9481597, 0.04209406, 1.321467, 1.727949, 0.05340188, -0.01661782, -0.997369, 0.04612188
test, 18/11/2020, 4.9743927, 0.04203539, 1.321328, 1.727611, 0.05426103, -0.01623046, -0.9972784, 0.04720396
test, 18/11/2020, 4.987396, 0.04203344, 1.321323, 1.7276, 0.05426103, -0.01623046, -0.9972784, 0.04720396
test, 18/11/2020, 5.0054544, 0.04203295, 1.321322, 1.727597, 0.05426103, -0.01623046, -0.9972784, 0.04720396
test, 18/11/2020, 5.0261436, 0.04209066, 1.321527, 1.727313, 0.05413184, -0.01641491, -0.9972543, 0.04779419
test, 18/11/2020, 5.0461203, 0.04209306, 1.321535, 1.727301, 0.05413184, -0.01641491, -0.9972543, 0.04779419
test, 18/11/2020, 5.0677897, 0.04209306, 1.321535, 1.727301, 0.05413184, -0.01641491, -0.9972543, 0.04779419
test, 18/11/2020, 5.0871471, 0.04209306, 1.321535, 1.727301, 0.05413184, -0.01641491, -0.9972543, 0.04779419
test, 18/11/2020, 5.1174153, 0.04207895, 1.32154, 1.727323, 0.05414262, -0.01640245, -0.9972554, 0.04776165
test, 18/11/2020, 5.1301405, 0.04207838, 1.32154, 1.727323, 0.05414262, -0.01640245, -0.9972554, 0.04776165
test, 18/11/2020, 5.1469596, 0.04207836, 1.32154, 1.727323, 0.05414262, -0.01640245, -0.9972554, 0.04776165
test, 18/11/2020, 5.1665692, 0.04207836, 1.32154, 1.727323, 0.05414262, -0.01640245, -0.9972554, 0.04776165
test, 18/11/2020, 5.1882674, 0.04207836, 1.32154, 1.727323, 0.05414262, -0.01640245, -0.9972554, 0.04776165
test, 18/11/2020, 5.206774, 0.04207836, 1.32154, 1.727323, 0.05414262, -0.01640245, -0.9972554, 0.04776165
test, 18/11/2020, 5.225353, 0.04207836, 1.32154, 1.727323, 0.05414262, -0.01640245, -0.9972554, 0.04776165
test, 18/11/2020, 5.2471886, 0.04207836, 1.32154, 1.727323, 0.05414262, -0.01640245, -0.9972554, 0.04776165
test, 18/11/2020, 5.2759241, 0.04207836, 1.32154, 1.727323, 0.05414262, -0.01640245, -0.9972554, 0.04776165
test, 18/11/2020, 5.2877764, 0.04207836, 1.32154, 1.727323, 0.05414262, -0.01640245, -0.9972554, 0.04776165
test, 18/11/2020, 5.3057447, 0.04207836, 1.32154, 1.727323, 0.05414262, -0.01640245, -0.9972554, 0.04776165
test, 18/11/2020, 5.3254305, 0.04207836, 1.32154, 1.727323, 0.05414262, -0.01640245, -0.9972554, 0.04776165
test, 18/11/2020, 5.3457966, 0.04207836, 1.32154, 1.727323, 0.05414262, -0.01640245, -0.9972554, 0.04776165
test, 18/11/2020, 5.3680873, 0.04207836, 1.32154, 1.727323, 0.05414262, -0.01640245, -0.9972554, 0.04776165
test, 18/11/2020, 5.3881943, 0.04207836, 1.32154, 1.727323, 0.05414262, -0.01640245, -0.9972554, 0.04776165
test, 18/11/2020, 5.4089224, 0.04207836, 1.32154, 1.727323, 0.05414262, -0.01640245, -0.9972554, 0.04776165
test, 18/11/2020, 5.426944, 0.04207836, 1.32154, 1.727323, 0.05414262, -0.01640245, -0.9972554, 0.04776165
test, 18/11/2020, 5.4464295, 0.04207836, 1.32154, 1.727323, 0.05414262, -0.01640245, -0.9972554, 0.04776165
test, 18/11/2020, 5.4671716, 0.04207836, 1.32154, 1.727323, 0.05414262, -0.01640245, -0.9972554, 0.04776165
test, 18/11/2020, 5.4885256, 0.04207836, 1.32154, 1.727323, 0.05414262, -0.01640245, -0.9972554, 0.04776165
test, 18/11/2020, 5.5087299, 0.04207836, 1.32154, 1.727323, 0.05414262, -0.01640245, -0.9972554, 0.04776165
test, 18/11/2020, 5.5313611, 0.04207836, 1.32154, 1.727323, 0.05414262, -0.01640245, -0.9972554, 0.04776165
test, 18/11/2020, 5.5482251, 0.04206372, 1.321589, 1.727438, 0.05442458, -0.01642781, -0.9972452, 0.04764664
test, 18/11/2020, 5.5895471, 0.04206021, 1.3216, 1.727466, 0.05442458, -0.01642781, -0.9972452, 0.04764664
test, 18/11/2020, 5.597281, 0.04206009, 1.321601, 1.727467, 0.05442458, -0.01642781, -0.9972452, 0.04764664
test, 18/11/2020, 5.6077317, 0.04206007, 1.321601, 1.727467, 0.05442458, -0.01642781, -0.9972452, 0.04764664
test, 18/11/2020, 5.6256009, 0.04404487, 1.322786, 1.728234, 0.05976865, -0.0190163, -0.9970358, 0.0445616
test, 18/11/2020, 5.6455061, 0.04406085, 1.322795, 1.72824, 0.05976865, -0.0190163, -0.9970358, 0.0445616
test, 18/11/2020, 5.6668274, 0.04406087, 1.322795, 1.72824, 0.05976865, -0.0190163, -0.9970358, 0.0445616
test, 18/11/2020, 5.6863277, 0.04406087, 1.322795, 1.72824, 0.05976865, -0.0190163, -0.9970358, 0.0445616
test, 18/11/2020, 5.7075166, 0.04252856, 1.322214, 1.726622, 0.05627843, -0.02138914, -0.9969915, 0.04881986
test, 18/11/2020, 5.7354313, 0.0425262, 1.322213, 1.726619, 0.05627843, -0.02138914, -0.9969915, 0.04881986
test, 18/11/2020, 5.746989, 0.0425262, 1.322213, 1.726619, 0.05627843, -0.02138914, -0.9969915, 0.04881986
test, 18/11/2020, 5.7661539, 0.0424784, 1.323789, 1.727744, 0.06036893, -0.02170864, -0.9966459, 0.05080625
test, 18/11/2020, 5.7879544, 0.04247641, 1.323855, 1.727791, 0.06036893, -0.02170864, -0.9966459, 0.05080625
test, 18/11/2020, 5.8069909, 0.04247641, 1.323855, 1.727791, 0.06036893, -0.02170864, -0.9966459, 0.05080625
test, 18/11/2020, 5.8288675, 0.04247641, 1.323855, 1.727791, 0.06036893, -0.02170864, -0.9966459, 0.05080625
test, 18/11/2020, 5.8480738, 0.04441659, 1.323149, 1.729032, 0.0645599, -0.02640815, -0.9965738, 0.0444444
test, 18/11/2020, 5.8680115, 0.0444973, 1.323119, 1.729084, 0.0645599, -0.02640815, -0.9965738, 0.0444444
test, 18/11/2020, 5.8972446, 0.0444974, 1.323119, 1.729084, 0.0645599, -0.02640815, -0.9965738, 0.0444444
test, 18/11/2020, 5.9275361, 0.0444974, 1.323119, 1.729084, 0.0645599, -0.02640815, -0.9965738, 0.0444444
test, 18/11/2020, 5.9556605, 0.04510757, 1.323365, 1.727138, 0.0686468, -0.03082784, -0.9961429, 0.04512949
test, 18/11/2020, 5.9681254, 0.04510757, 1.323365, 1.727138, 0.0686468, -0.03082784, -0.9961429, 0.04512949
test, 18/11/2020, 5.9768857, 0.0450667, 1.323502, 1.72644, 0.06746316, -0.0308274, -0.9962083, 0.04547137
test, 18/11/2020, 5.9882363, 0.04505853, 1.323529, 1.7263, 0.06746316, -0.0308274, -0.9962083, 0.04547137
test, 18/11/2020, 6.0088846, 0.04505649, 1.323536, 1.726265, 0.06746316, -0.0308274, -0.9962083, 0.04547137
test, 18/11/2020, 6.0370214, 0.04505648, 1.323536, 1.726265, 0.06746316, -0.0308274, -0.9962083, 0.04547137
test, 18/11/2020, 6.0462538, 0.04505648, 1.323536, 1.726265, 0.06746316, -0.0308274, -0.9962083, 0.04547137
test, 18/11/2020, 6.0661565, 0.04555468, 1.323832, 1.727746, 0.06670945, -0.03074484, -0.9962597, 0.04551046
test, 18/11/2020, 6.0885721, 0.04555866, 1.323835, 1.727758, 0.06670945, -0.03074484, -0.9962597, 0.04551046
test, 18/11/2020, 6.1076862, 0.04555869, 1.323835, 1.727758, 0.06670945, -0.03074484, -0.9962597, 0.04551046
test, 18/11/2020, 6.1263744, 0.04572478, 1.323662, 1.728304, 0.06642698, -0.03141772, -0.9962867, 0.04486792
test, 18/11/2020, 6.1468508, 0.04573164, 1.323655, 1.728327, 0.06642698, -0.03141772, -0.9962867, 0.04486792
test, 18/11/2020, 6.166562, 0.0457317, 1.323655, 1.728327, 0.06642698, -0.03141772, -0.9962867, 0.04486792
test, 18/11/2020, 6.197278, 0.0457317, 1.323655, 1.728327, 0.06642698, -0.03141772, -0.9962867, 0.04486792
test, 18/11/2020, 6.2073378, 0.0457317, 1.323655, 1.728327, 0.06642698, -0.03141772, -0.9962867, 0.04486792
test, 18/11/2020, 6.2256776, 0.0457317, 1.323655, 1.728327, 0.06642698, -0.03141772, -0.9962867, 0.04486792
test, 18/11/2020, 6.2471709, 0.0457317, 1.323655, 1.728327, 0.06642698, -0.03141772, -0.9962867, 0.04486792
test, 18/11/2020, 6.26818, 0.04571988, 1.323655, 1.728326, 0.06645101, -0.03139478, -0.9962848, 0.04489141
test, 18/11/2020, 6.287189, 0.04571695, 1.323656, 1.728326, 0.06645101, -0.03139478, -0.9962848, 0.04489141
test, 18/11/2020, 6.3087128, 0.04571693, 1.323656, 1.728326, 0.06645101, -0.03139478, -0.9962848, 0.04489141
test, 18/11/2020, 6.3277861, 0.04571693, 1.323656, 1.728326, 0.06645101, -0.03139478, -0.9962848, 0.04489141
test, 18/11/2020, 6.3560492, 0.04571693, 1.323656, 1.728326, 0.06645101, -0.03139478, -0.9962848, 0.04489141
test, 18/11/2020, 6.3671689, 0.04571621, 1.323656, 1.728323, 0.06644918, -0.03139348, -0.9962847, 0.04489644
test, 18/11/2020, 6.3855664, 0.04571619, 1.323656, 1.728323, 0.06644918, -0.03139348, -0.9962847, 0.04489644
test, 18/11/2020, 6.4081637, 0.04571619, 1.323656, 1.728323, 0.06644918, -0.03139348, -0.9962847, 0.04489644
test, 18/11/2020, 6.4265471, 0.04571619, 1.323656, 1.728323, 0.06644918, -0.03139348, -0.9962847, 0.04489644
test, 18/11/2020, 6.4482827, 0.04571619, 1.323656, 1.728323, 0.06644918, -0.03139348, -0.9962847, 0.04489644
test, 18/11/2020, 6.4684134, 0.04571619, 1.323656, 1.728323, 0.06644918, -0.03139348, -0.9962847, 0.04489644
test, 18/11/2020, 6.4860761, 0.04571619, 1.323656, 1.728323, 0.06644918, -0.03139348, -0.9962847, 0.04489644
test, 18/11/2020, 6.5479901, 0.04571619, 1.323656, 1.728323, 0.06644918, -0.03139348, -0.9962847, 0.04489644
test, 18/11/2020, 6.5908484, 0.04571619, 1.323656, 1.728323, 0.06644918, -0.03139348, -0.9962847, 0.04489644
test, 18/11/2020, 6.600751, 0.04571619, 1.323656, 1.728323, 0.06644918, -0.03139348, -0.9962847, 0.04489644
test, 18/11/2020, 6.6366421, 0.04571619, 1.323656, 1.728323, 0.06644918, -0.03139348, -0.9962847, 0.04489644
test, 18/11/2020, 6.6432214, 0.04571619, 1.323656, 1.728323, 0.06644918, -0.03139348, -0.9962847, 0.04489644
test, 18/11/2020, 6.6495203, 0.04571591, 1.323656, 1.728323, 0.06644925, -0.03139308, -0.9962847, 0.04489693
test, 18/11/2020, 6.6555774, 0.04571591, 1.323656, 1.728323, 0.06644925, -0.03139308, -0.9962847, 0.04489693
test, 18/11/2020, 6.6656191, 0.04571591, 1.323656, 1.728323, 0.06644925, -0.03139308, -0.9962847, 0.04489693
test, 18/11/2020, 6.6742305, 0.04571585, 1.323656, 1.728323, 0.06644925, -0.03139308, -0.9962847, 0.04489693
test, 18/11/2020, 6.6890792, 0.04571584, 1.323656, 1.728323, 0.06644925, -0.03139308, -0.9962847, 0.04489693
test, 18/11/2020, 6.7180856, 0.04570788, 1.323656, 1.728319, 0.06645162, -0.03138173, -0.9962847, 0.04490281
test, 18/11/2020, 6.7312543, 0.04570597, 1.323656, 1.728318, 0.06645162, -0.03138173, -0.9962847, 0.04490281
test, 18/11/2020, 6.7458568, 0.0457059, 1.323656, 1.728318, 0.06645162, -0.03138173, -0.9962847, 0.04490281
test, 18/11/2020, 6.7681759, 0.04570589, 1.323656, 1.728318, 0.06645162, -0.03138173, -0.9962847, 0.04490281
test, 18/11/2020, 6.7886403, 0.04570589, 1.323656, 1.728318, 0.06645162, -0.03138173, -0.9962847, 0.04490281
test, 18/11/2020, 6.8058419, 0.04570589, 1.323656, 1.728318, 0.06645162, -0.03138173, -0.9962847, 0.04490281
test, 18/11/2020, 6.8261954, 0.04570589, 1.323656, 1.728318, 0.06645162, -0.03138173, -0.9962847, 0.04490281
test, 18/11/2020, 6.8461194, 0.04460241, 1.324877, 1.727185, 0.07044828, -0.02831316, -0.9957243, 0.05261719
test, 18/11/2020, 6.8743593, 0.04433757, 1.32517, 1.726913, 0.07044828, -0.02831316, -0.9957243, 0.05261719
test, 18/11/2020, 6.8901448, 0.04432698, 1.325182, 1.726902, 0.07044828, -0.02831316, -0.9957243, 0.05261719
test, 18/11/2020, 6.9057302, 0.04432656, 1.325182, 1.726902, 0.07044828, -0.02831316, -0.9957243, 0.05261719
test, 18/11/2020, 6.9287881, 0.04433043, 1.325177, 1.726897, 0.07045367, -0.02831431, -0.9957251, 0.05259451
test, 18/11/2020, 6.9468343, 0.04433046, 1.325177, 1.726897, 0.07045367, -0.02831431, -0.9957251, 0.05259451
test, 18/11/2020, 6.9690588, 0.04433046, 1.325177, 1.726897, 0.07045367, -0.02831431, -0.9957251, 0.05259451
test, 18/11/2020, 6.9943779, 0.04385978, 1.324702, 1.726955, 0.07026704, -0.0273443, -0.9957967, 0.05199803
test, 18/11/2020, 7.020082, 0.04385978, 1.324702, 1.726955, 0.07026704, -0.0273443, -0.9957967, 0.05199803
test, 18/11/2020, 7.0501572, 0.04376565, 1.324607, 1.726967, 0.07026704, -0.0273443, -0.9957967, 0.05199803
test, 18/11/2020, 7.0606904, 0.04374682, 1.324588, 1.726969, 0.07026704, -0.0273443, -0.9957967, 0.05199803
test, 18/11/2020, 7.0707606, 0.04371295, 1.324578, 1.727017, 0.07025629, -0.02729696, -0.9958037, 0.05190491
test, 18/11/2020, 7.0897424, 0.04370456, 1.324576, 1.727029, 0.07025629, -0.02729696, -0.9958037, 0.05190491
test, 18/11/2020, 7.10676, 0.04370449, 1.324576, 1.727029, 0.07025629, -0.02729696, -0.9958037, 0.05190491
test, 18/11/2020, 7.1280307, 0.04370449, 1.324576, 1.727029, 0.07025629, -0.02729696, -0.9958037, 0.05190491
test, 18/11/2020, 7.1476223, 0.04370449, 1.324576, 1.727029, 0.07025629, -0.02729696, -0.9958037, 0.05190491
test, 18/11/2020, 7.1678802, 0.04370449, 1.324576, 1.727029, 0.07025629, -0.02729696, -0.9958037, 0.05190491
test, 18/11/2020, 7.2019159, 0.04370449, 1.324576, 1.727029, 0.07025629, -0.02729696, -0.9958037, 0.05190491
test, 18/11/2020, 7.2136321, 0.04370449, 1.324576, 1.727029, 0.07025629, -0.02729696, -0.9958037, 0.05190491
test, 18/11/2020, 7.2274475, 0.04370299, 1.324576, 1.727029, 0.07025666, -0.027295, -0.9958037, 0.05190468
test, 18/11/2020, 7.2480094, 0.04370293, 1.324576, 1.727029, 0.07025666, -0.027295, -0.9958037, 0.05190468
test, 18/11/2020, 7.2655883, 0.04370293, 1.324576, 1.727029, 0.07025666, -0.027295, -0.9958037, 0.05190468
test, 18/11/2020, 7.2877377, 0.04370293, 1.324576, 1.727029, 0.07025666, -0.027295, -0.9958037, 0.05190468
test, 18/11/2020, 7.3061372, 0.04370293, 1.324576, 1.727029, 0.07025666, -0.027295, -0.9958037, 0.05190468
test, 18/11/2020, 7.3272178, 0.04370293, 1.324576, 1.727029, 0.07025666, -0.027295, -0.9958037, 0.05190468
test, 18/11/2020, 7.3598558, 0.04370293, 1.324576, 1.727029, 0.07025666, -0.027295, -0.9958037, 0.05190468
test, 18/11/2020, 7.3720509, 0.04370293, 1.324576, 1.727029, 0.07025666, -0.027295, -0.9958037, 0.05190468
test, 18/11/2020, 7.3891871, 0.04370293, 1.324576, 1.727029, 0.07025666, -0.027295, -0.9958037, 0.05190468
test, 18/11/2020, 7.407877, 0.04370293, 1.324576, 1.727029, 0.07025666, -0.027295, -0.9958037, 0.05190468
test, 18/11/2020, 7.4260389, 0.04370293, 1.324576, 1.727029, 0.07025666, -0.027295, -0.9958037, 0.05190468
test, 18/11/2020, 7.459295, 0.0437027, 1.324576, 1.727029, 0.07025658, -0.0272948, -0.9958037, 0.05190448
test, 18/11/2020, 7.469565, 0.04370265, 1.324576, 1.727029, 0.07025658, -0.0272948, -0.9958037, 0.05190448
test, 18/11/2020, 7.4857561, 0.04370264, 1.324576, 1.727029, 0.07025658, -0.0272948, -0.9958037, 0.05190448
test, 18/11/2020, 7.5141138, 0.04370264, 1.324576, 1.727029, 0.07025658, -0.0272948, -0.9958037, 0.05190448
test, 18/11/2020, 7.5256652, 0.04369706, 1.324576, 1.727027, 0.07025475, -0.0272885, -0.995804, 0.05190385
test, 18/11/2020, 7.547751, 0.04369682, 1.324576, 1.727027, 0.07025475, -0.0272885, -0.995804, 0.05190385
test, 18/11/2020, 7.5653432, 0.04369682, 1.324576, 1.727027, 0.07025475, -0.0272885, -0.995804, 0.05190385
test, 18/11/2020, 7.5877523, 0.04224727, 1.324686, 1.726859, 0.07063012, -0.02532355, -0.9958562, 0.05138545
test, 18/11/2020, 7.6088308, 0.04224494, 1.324686, 1.726859, 0.07063012, -0.02532355, -0.9958562, 0.05138545
test, 18/11/2020, 7.6284193, 0.04224494, 1.324686, 1.726859, 0.07063012, -0.02532355, -0.9958562, 0.05138545
test, 18/11/2020, 7.6458891, 0.04224461, 1.324685, 1.726857, 0.07062751, -0.02532202, -0.9958563, 0.0513888
test, 18/11/2020, 7.673214, 0.04224453, 1.324685, 1.726856, 0.07062751, -0.02532202, -0.9958563, 0.0513888
test, 18/11/2020, 7.6877927, 0.04224452, 1.324685, 1.726856, 0.07062751, -0.02532202, -0.9958563, 0.0513888
test, 18/11/2020, 7.7088004, 0.04224452, 1.324685, 1.726856, 0.07062751, -0.02532202, -0.9958563, 0.0513888
test, 18/11/2020, 7.7267008, 0.04198568, 1.323721, 1.727503, 0.0611538, -0.02188566, -0.996677, 0.04915443
test, 18/11/2020, 7.7477007, 0.04198359, 1.323713, 1.727508, 0.0611538, -0.02188566, -0.996677, 0.04915443
test, 18/11/2020, 7.7657652, 0.04198359, 1.323713, 1.727508, 0.0611538, -0.02188566, -0.996677, 0.04915443
test, 18/11/2020, 7.7877992, 0.04198359, 1.323713, 1.727508, 0.0611538, -0.02188566, -0.996677, 0.04915443
test, 18/11/2020, 7.8064904, 0.04149149, 1.323749, 1.72883, 0.05937739, -0.01989312, -0.9969182, 0.04725172
test, 18/11/2020, 7.8312584, 0.04148831, 1.323749, 1.728839, 0.05937739, -0.01989312, -0.9969182, 0.04725172
test, 18/11/2020, 7.8457169, 0.04148755, 1.323749, 1.728841, 0.05937739, -0.01989312, -0.9969182, 0.04725172
test, 18/11/2020, 7.8737738, 0.04154688, 1.323815, 1.728568, 0.05936943, -0.0199747, -0.9969013, 0.04758303
test, 18/11/2020, 7.8887576, 0.04156113, 1.32383, 1.728503, 0.05936943, -0.0199747, -0.9969013, 0.04758303
test, 18/11/2020, 7.9055344, 0.0415616, 1.323831, 1.728501, 0.05936943, -0.0199747, -0.9969013, 0.04758303
test, 18/11/2020, 7.9274514, 0.04156172, 1.323831, 1.7285, 0.05936943, -0.0199747, -0.9969013, 0.04758303
test, 18/11/2020, 7.9458048, 0.04155721, 1.323831, 1.728488, 0.05938763, -0.01996762, -0.9968992, 0.04760803
test, 18/11/2020, 7.9732627, 0.04155717, 1.323831, 1.728488, 0.05938763, -0.01996762, -0.9968992, 0.04760803
test, 18/11/2020, 7.9920164, 0.04155717, 1.323831, 1.728488, 0.05938763, -0.01996762, -0.9968992, 0.04760803
test, 18/11/2020, 8.0060964, 0.04144562, 1.323988, 1.728566, 0.05959145, -0.01976356, -0.9968986, 0.04744998
test, 18/11/2020, 8.0254985, 0.04141795, 1.324027, 1.728585, 0.05959145, -0.01976356, -0.9968986, 0.04744998
test, 18/11/2020, 8.0466049, 0.04141773, 1.324027, 1.728585, 0.05959145, -0.01976356, -0.9968986, 0.04744998
test, 18/11/2020, 8.0676803, 0.04141773, 1.324027, 1.728585, 0.05959145, -0.01976356, -0.9968986, 0.04744998
test, 18/11/2020, 8.0856072, 0.04142547, 1.324034, 1.728583, 0.0595874, -0.01977728, -0.9968984, 0.04745422
test, 18/11/2020, 8.1051898, 0.04142701, 1.324035, 1.728582, 0.0595874, -0.01977728, -0.9968984, 0.04745422
